b1 = 2.6
b2 = 5.3

b1 = b1+(b2-b1)/2
